4.864421379999999573e+00 3.000000000000000000e+03 1.125442070000000001e+02 -8.065261689999999817e+00
4.070230139999999608e+00 6.000000000000000000e+03 3.130870419999999967e+02 -6.416326319999999583e+00
3.763042959999999937e+00 7.000000000000000000e+03 4.334747060000000261e+02 -5.510196790000000178e+00
4.243431420000000287e+00 3.000000000000000000e+03 2.390349740000000054e+02 -7.496237200000000378e+00
3.376926459999999963e+00 3.000000000000000000e+03 5.975617049999999608e+02 -5.474084969999999828e+00
3.763042959999999937e+00 2.000000000000000000e+03 3.929737949999999955e+02 -6.876069369999999736e+00
4.070230139999999608e+00 5.000000000000000000e+03 3.040176050000000032e+02 -6.692491340000000122e+00
5.113878889999999622e+00 5.000000000000000000e+03 9.262220100000000400e+01 -7.644821369999999838e+00
4.070230139999999608e+00 7.000000000000000000e+03 3.221625720000000115e+02 -6.116293080000000160e+00
3.498969769999999979e+00 5.000000000000000000e+03 5.442583799999999883e+02 -5.356646790000000102e+00
5.390304780000000129e+00 6.000000000000000000e+03 6.815139999999999532e+01 -7.400871300000000375e+00
3.269529130000000006e+00 4.000000000000000000e+03 6.738377490000000307e+02 -4.809660580000000074e+00
4.243431420000000287e+00 4.000000000000000000e+03 2.471198699999999917e+02 -7.230401849999999797e+00
3.068327329999999797e+00 7.000000000000000000e+03 8.558244250000000193e+02 -3.073858029999999797e+00
4.415348169999999683e+00 4.000000000000000000e+03 2.030934460000000001e+02 -7.438399079999999941e+00
3.626205029999999940e+00 5.000000000000000000e+03 4.767677560000000199e+02 -5.731746590000000197e+00
5.390304780000000129e+00 3.000000000000000000e+03 4.674959499999999935e+01 -8.258196420000000870e+00
4.070230139999999608e+00 4.000000000000000000e+03 2.973093349999999759e+02 -6.967428400000000188e+00
3.376926459999999963e+00 7.000000000000000000e+03 6.273062909999999874e+02 -4.383441440000000355e+00
4.864421379999999573e+00 8.000000000000000000e+03 1.560217649999999878e+02 -6.465040740000000064e+00
