V(angstrom3)	P(Gpa)
4.082679661	280.4056055
4.090982489	277.8816744
4.099285318	275.3759304
4.066074004	285.8482041
4.074376832	283.2870522
4.082679661	280.7443429
4.049468347	291.3314427
4.057771176	288.7320699
4.066074004	286.1515397
4.03286269	296.8664955
4.041165519	294.2271691
4.049468347	291.6072245
4.016257033	302.4689349
4.024559862	299.7872955
4.03286269	297.1256935
3.999651376	308.1563773
4.007954205	305.4296344
4.016257033	302.7236641
3.983045719	313.9458038
3.991348548	311.1709899
3.999651376	308.4177188
3.966440062	319.851059
3.974742891	317.0253016
3.983045719	314.2218464
3.958137234	323.0017608
3.966440062	320.1455406
3.941531577	329.103855
3.949834406	326.192789
3.92492592	335.3294743
3.933228749	332.3620985
3.941531577	329.4187929
3.916623092	338.6474876
3.92492592	335.6475044
3.900017435	345.0401904
3.908320263	341.9832183
3.916623092	338.9510436
3.891714606	348.4169
3.900017435	345.3282395
3.875108949	354.9405573
3.883411778	351.7958809
3.891714606	348.6765368
3.866806121	358.3486806
3.875108949	355.1742874
3.858503293	361.7558067
3.866806121	358.5529338
3.841897636	368.4223243
3.850200464	365.1660375
3.858503293	361.93593
3.833594807	371.8686788
3.841897636	368.5860143
3.81698915	378.6670555
3.825291979	375.3319352
3.833594807	372.0239166
3.808686322	382.1811573
3.81698915	378.8210709
3.800383493	385.7296161
3.808686322	382.3451706
3.783777836	392.7589968
3.792080665	389.3216827
3.800383493	385.9132574
3.775475008	396.428516
3.783777836	392.9667375
3.792080665	389.5344564
3.767172179	400.1609549
3.775475008	396.674556
3.758869351	403.9668133
3.767172179	400.4553835
3.742263694	411.4251881
3.750566523	407.8566521
3.758869351	404.319542
3.733960866	415.435625
3.742263694	411.840063
3.750566523	408.2764161
3.725658037	419.5475902
3.733960866	415.9240605
3.742263694	412.3328584
3.717355209	423.7637016
3.725658037	420.1111601
3.733960866	416.491272
3.70905238	428.0802421
3.717355209	424.3975767
3.725658037	420.7478027
3.700749552	432.4860062
3.70905238	428.7720528
3.717355209	425.0911496
3.692446723	436.9622379
3.700749552	433.2157699
3.70905238	429.5024509
3.684143895	441.4839276
3.692446723	437.7036188
3.700749552	433.9565262
3.675841066	446.0224659
3.684143895	442.2068351
3.692446723	438.4244909
3.667538238	450.5493564
3.675841066	446.6967111
3.684143895	442.8774616
3.65923541	455.0404383
3.667538238	451.1488397
3.675841066	447.2908171
3.650932581	459.4799093
3.65923541	455.5471854
3.667538238	451.648311
3.642629753	463.8634218
3.650932581	459.8872496
3.65923541	455.9453015
3.634326924	468.1996351
3.642629753	464.1777036
3.650932581	460.1904633
3.626024096	472.5098415
3.634326924	468.4400922
3.642629753	464.4055661
3.617721267	476.8255954
3.626024096	472.706515
3.634326924	468.6232128
3.609418439	481.1846137
3.617721267	477.0155387
3.626024096	472.882768
3.60111561	485.6255265
3.609418439	481.4069049
3.617721267	477.2250304
3.60111561	485.9158408
3.609418439	481.6864504
3.592812782	490.5678907
3.60111561	486.2938185
3.609418439	482.0572045
3.584509953	495.3751382
3.592812782	491.0603154
3.60111561	486.7829436
3.584509953	495.9836096
3.592812782	491.6700026
3.576207125	501.0463448
3.584509953	496.7013659
3.592812782	492.3935786
3.576207125	501.8472618
3.584509953	497.512318
3.567904297	507.0697415
3.576207125	502.7115617
3.584509953	498.3897937
3.559601468	512.3283008
3.567904297	507.9497355
3.576207125	503.6069991
3.559601468	513.1880969
3.567904297	508.8259247
3.576207125	504.4991853
3.55129864	518.3956956
3.559601468	514.0142191
3.567904297	509.6676697
3.55129864	519.1507628
3.559601468	514.7833344
3.567904297	510.4505026
3.542995811	524.2271875
3.55129864	519.836775
3.559601468	515.4806556
3.534692983	529.2473498
3.542995811	524.8311708
3.55129864	520.449113
3.526390154	534.225104
3.534692983	529.7801072
3.542995811	525.3691797
3.518087326	539.1809625
3.526390154	534.7042143
3.534692983	530.2615832
3.509784497	544.1383219
3.518087326	539.6273103
3.526390154	535.1505405
3.534692983	530.7079562
3.501481669	549.1198854
3.509784497	544.5727023
3.518087326	540.0599406
3.526390154	535.5815381
3.501481669	549.5601436
3.509784497	545.0101677
3.518087326	540.4947667
3.49317884	554.6037517
3.501481669	550.015891
3.509784497	545.4628517
3.484876012	559.7109845
3.49317884	555.0849387
3.501481669	550.4939876
3.476573183	564.8826066
3.484876012	560.2181991
3.49317884	555.5891905
3.468270355	570.1134566
3.476573183	565.4103669
3.484876012	560.7430206
3.49317884	556.1113636
3.468270355	570.6512803
3.476573183	565.9449396
3.484876012	561.274692
3.459967527	575.9275757
3.468270355	571.1810203
3.476573183	566.4710357
3.451664698	581.2244014
3.459967527	576.4357447
3.468270355	571.6842301
3.44336187	586.5269832
3.451664698	581.6936723
3.459967527	576.8981868
3.468270355	572.1405041
3.44336187	586.9408294
3.451664698	582.0983912
3.459967527	577.2945879
3.435059041	592.1657562
3.44336187	587.2730508
3.451664698	582.4199601
3.426756213	597.3602269
3.435059041	592.4138999
3.44336187	587.5083207
3.418453384	602.519728
3.426756213	597.516731
3.435059041	592.5557652
3.44336187	587.6369113
3.418453384	602.5817598
3.426756213	597.563161
3.435059041	592.5881398
3.410150556	607.6139236
3.418453384	602.536411
3.426756213	597.5040583
3.401847727	612.6231631
3.410150556	607.4866541
3.418453384	602.3969652
3.393544899	617.6246495
3.401847727	612.4303743
3.410150556	607.2846065
3.418453384	602.1875711
3.393544899	617.3893031
3.401847727	612.189939
3.410150556	607.0410018
3.38524207	622.3899338
3.393544899	617.140506
3.401847727	611.943092
3.410150556	606.7979235
3.38524207	622.1672532
3.393544899	616.9254725
3.401847727	611.7373643
3.376939242	627.3026723
3.38524207	622.0209574
3.393544899	616.7940814
3.376939242	627.2610177
3.38524207	621.9994276
3.393544899	616.793707
3.368636414	632.6728452
3.376939242	627.3801538
3.38524207	622.1437952
3.368636414	632.9555107
3.376939242	627.6910418
3.38524207	622.483052
3.360333585	638.734794
3.368636414	633.4439367
3.376939242	628.2091879
3.360333585	639.3994799
3.368636414	634.1385043
3.376939242	628.9328645
3.352030757	645.5429991
3.360333585	640.2556769
3.368636414	635.0225738
3.343727928	651.849364
3.352030757	646.535095
3.360333585	641.2736534
3.368636414	636.0649475
3.343727928	652.9433753
3.352030757	647.6525041
3.360333585	642.4127853
3.3354251	659.4427826
3.343727928	654.1213377
3.352030757	648.8493635
3.360333585	643.6267162
3.3354251	660.6419332
3.343727928	655.3366097
3.352030757	650.0789276
3.327122271	667.1791979
3.3354251	661.8396269
3.343727928	656.5460814
3.352030757	651.2983937
3.327122271	668.3295058
3.3354251	662.9995223
3.343727928	657.7139239
3.318819443	674.7851151
3.327122271	669.4183141
3.3354251	664.094603
3.318819443	675.7898673
3.327122271	670.4279889
3.3354251	665.1079442
3.310516614	682.1095195
3.318819443	676.7094788
3.327122271	671.3503992
3.302213786	688.3793056
3.310516614	682.9411004
3.318819443	677.5431869
3.327122271	672.1853986
3.302213786	689.1298257
3.310516614	683.6932131
3.318819443	678.2962454
3.293910957	695.285738
3.302213786	689.8104719
3.310516614	684.37453
3.318819443	678.9777464
